x = [-20, -19, -18, -17, -16, -15, -14, -13, -12, -11, -10, -9, -8, -7, -6, -5, -4, -3, -2, -1, 0, 1, 2, 3, 4, 5, 6, 7, 8, 9, 10, 11, 12, 13, 14, 15, 16, 17, 18, 19];

%0I+1X+5Y+2Z + n(I+X+Y+Z)
y1 = [0.87672309,
 0.88266629,
 0.88887932,
 0.87439937,
 0.88354477,
 0.89540622,
 0.92098124,
 0.89440365,
 0.89139636,
 0.91628473,
 0.89785198,
 0.90139992,
 0.90197065,
 0.88686223,
 0.89156359,
 0.89075235,
 0.88003616,
 0.83310676,
 0.69980935,
 0.61467052,
 0.55666352,
 0.52476129,
 0.54054137,
 0.53286248,
 0.49380635,
 0.49523092,
 0.50733179,
 0.49340527,
 0.49449277,
 0.4846989,
 0.47158884,
 0.4755102,
 0.44234701,
 0.52882686,
 0.46352602,
 0.44428916,
 0.45975095,
 0.47128159,
 0.47392497,
 0.49543236];

z1 = [0.35738305,
 0.41302335,
 0.37629418,
 0.38307059,
 0.37875596,
 0.34743491,
 0.31754258,
 0.39588663,
 0.39193227,
 0.34258853,
 0.37326033,
 0.36625016,
 0.39920859,
 0.43007602,
 0.44219319,
 0.45420884,
 0.44542215,
 0.4004817,
 0.20818645,
 0.02627179,
 -0.15785955,
 -0.22797386,
 -0.29012529,
 -0.40167193,
 -0.43278478,
 -0.4024998,
 -0.44922083,
 -0.54795569,
 -0.56272388,
 -0.47142578,
 -0.47364013,
 -0.4774455,
 -0.5177493,
 -0.55373904,
 -0.54372231,
 -0.58203189,
 -0.61631701,
 -0.55790796,
 -0.5653649,
 -0.51823191];



%0I+2X+6Y+4Z + n(I+X+Y+Z)



y2 = [0.87950629,
 0.87942168,
 0.88250749,
 0.89186142,
 0.87770573,
 0.88244332,
 0.90965287,
 0.89330141,
 0.88695985,
 0.88002161,
 0.88787159,
 0.88970076,
 0.88547247,
 0.86941495,
 0.86390976,
 0.8211369,
 0.70292171,
 0.58437069,
 0.52125554,
 0.52483897,
 0.48357249,
 0.46165577,
 0.44557746,
 0.46520642,
 0.46311692,
 0.45248986,
 0.45480473,
 0.45814101,
 0.45344284,
 0.46444491,
 0.47772978,
 0.46139505,
 0.41870991,
 0.48857916,
 0.4479808,
 0.46373626,
 0.48056414,
 0.45290246,
 0.46894036,
 0.4841855];


z2 = [0.37559728,
 0.38234712,
 0.37762372,
 0.36686886,
 0.38886068,
 0.37237323,
 0.35469415,
 0.38738717,
 0.39123592,
 0.40222964,
 0.40182913,
 0.39388558,
 0.43372978,
 0.48424006,
 0.50343966,
 0.54117594,
 0.52680128,
 0.26589485,
 0.05482211,
 -0.19198815,
 -0.27192789,
 -0.33748156,
 -0.40327043,
 -0.46201266,
 -0.4537194,
 -0.39588434,
 -0.48280696,
 -0.56965549,
 -0.51712365,
 -0.54324844,
 -0.50458108,
 -0.49424475,
 -0.58057013,
 -0.55943312,
 -0.5407881,
 -0.54575719,
 -0.48629133,
 -0.53907286,
 -0.55895918,
 -0.55575554];


%0I+4X+2Y+7Z + n(I+X+Y+Z)


y3 = [0.85889317,
 0.8481353,
 0.84662214,
 0.85293104,
 0.84786269,
 0.84386786,
 0.85049496,
 0.82255422,
 0.83187768,
 0.77978758,
 0.80962115,
 0.79103765,
 0.74710002,
 0.70824231,
 0.60958075,
 0.48962393,
 0.31186863,
 0.14886974,
 -0.19847865,
 -0.21517923,
 0.27800282,
 0.29782592,
 0.31628664,
 0.36846305,
 0.37574401,
 0.32503951,
 0.35893612,
 0.40771175,
 0.37519703,
 0.37766233,
 0.42284081,
 0.39385053,
 0.389151,
 0.38302784,
 0.42048035,
 0.40733904,
 0.42618344,
 0.41593511,
 0.43662222,
 0.41466631];

z3 = [0.33941018,
 0.35051831,
 0.33539768,
 0.35119769,
 0.38236129,
 0.34494899,
 0.37642474,
 0.35642088,
 0.34973376,
 0.40386487,
 0.37633073,
 0.33796346,
 0.34194355,
 0.37146352,
 0.34125397,
 0.14666276,
 -0.1560652,
 -0.76219742,
 0.97701821,
 0.90596964,
 -0.86467561,
 -0.79346511,
 -0.83016767,
 -0.80692369,
 -0.74544565,
 -0.798094,
 -0.79295508,
 -0.70395636,
 -0.66658092,
 -0.66194329,
 -0.69664104,
 -0.63803057,
 -0.71890578,
 -0.73680094,
 -0.70003634,
 -0.75813146,
 -0.69324245,
 -0.67258916,
 -0.59819386,
 -0.61257525];


% M = 0I+4X+3Y+7Z + n(I+X+Y+Z)

y4 = [0.87195807,
 0.86311852,
 0.86315691,
 0.85964055,
 0.87118019,
 0.8491854,
 0.83401854,
 0.84561355,
 0.83035867,
 0.84277972,
 0.78838085,
 0.77668286,
 0.76996412,
 0.7154079,
 0.59853828,
 0.41645619,
 0.14554787,
 -0.00620197,
 -0.15135857,
 0.27138647,
 0.34264056,
 0.30754998,
 0.34320225,
 0.35715589,
 0.3919263,
 0.40644413,
 0.37761247,
 0.39084715,
 0.38096337,
 0.37221921,
 0.40068043,
 0.41684635,
 0.42353885,
 0.43621491,
 0.43136072,
 0.41061346,
 0.36000138,
 0.47927576,
 0.46337762,
 0.45653719];


z4 = [0.33642839,
 0.37381744,
 0.34223165,
 0.36771178,
 0.32917263,
 0.35320518,
 0.39476538,
 0.31618867,
 0.3775748,
 0.37448342,
 0.38599724,
 0.40491975,
 0.40574393,
 0.41120629,
 0.41848513,
 0.33417232,
 -0.12373087,
 0.23148221,
 0.61265551,
 -0.84475195,
 -0.77803972,
 -0.76527013,
 -0.82136313,
 -0.72440982,
 -0.66677899,
 -0.65611291,
 -0.66473106,
 -0.68208438,
 -0.68546896,
 -0.6967224,
 -0.66902188,
 -0.69356218,
 -0.67793944,
 -0.67106688,
 -0.60523798,
 -0.69208666,
 -0.7090536,
 -0.62167773,
 -0.6299818,
 -0.60519163];

%M = 0I+4X+5Y+3Z + n(I+X+Y+Z)

y5 = [0.8857736,
 0.89521605,
 0.91700648,
 0.8717005,
 0.89505599,
 0.90728965,
 0.91396317,
 0.91437525,
 0.89577852,
 0.92522214,
 0.91243003,
 0.91979574,
 0.93206446,
 0.9311361,
 0.94264956,
 0.96917625,
 0.93499624,
 0.70927927,
 0.61198993,
 0.57895338,
 0.54767944,
 0.50854096,
 0.51131067,
 0.49086798,
 0.51639964,
 0.51246598,
 0.49045691,
 0.47183797,
 0.46865172,
 0.46600255,
 0.50979645,
 0.48655716,
 0.44297624,
 0.48161724,
 0.46309337,
 0.49089396,
 0.48020885,
 0.4829379,
 0.46060488,
 0.45077986];

z5 = [0.33760817,
 0.34317162,
 0.26702284,
 0.35874138,
 0.32215684,
 0.31157785,
 0.33051599,
 0.30399779,
 0.33396434,
 0.29709987,
 0.32512671,
 0.31059099,
 0.30125211,
 0.31373364,
 0.28589152,
 0.24630579,
 -0.03073764,
 -0.32057444,
 -0.4735675,
 -0.41806265,
 -0.44923782,
 -0.51971041,
 -0.57416817,
 -0.5950851,
 -0.59415582,
 -0.57927543,
 -0.59150493,
 -0.58654801,
 -0.63299466,
 -0.5925479,
 -0.53539244,
 -0.5855019,
 -0.6383933,
 -0.61147786,
 -0.69263295,
 -0.58709669,
 -0.56039015,
 -0.5346908,
 -0.63190249,
 -0.62305166];


% M = 0I+2X+4Y+6Z + n(I+X+Y+Z)

y6= [0.86223086,
 0.86186422,
 0.84875461,
 0.85183803,
 0.85638297,
 0.86200441,
 0.84925691,
 0.86280277,
 0.84590013,
 0.83475197,
 0.80403372,
 0.81855433,
 0.81880472,
 0.75971274,
 0.71336472,
 0.5831372,
 0.38725254,
 0.2182616,
 0.22135295,
 0.27570888,
 0.31255276,
 0.37415424,
 0.36670817,
 0.37609548,
 0.39790099,
 0.39903251,
 0.39267867,
 0.40114627,
 0.43064445,
 0.40042332,
 0.40133867,
 0.41676661,
 0.40067618,
 0.42275821,
 0.42379146,
 0.40222059,
 0.43857097,
 0.45943305,
 0.4346589,
 0.44635302];

z6 = [0.3786051,
 0.37437,
 0.38637626,
 0.39048046,
 0.38239924,
 0.37354482,
 0.41965952,
 0.39705527,
 0.41612639,
 0.44007013,
 0.45838764,
 0.49556677,
 0.46116342,
 0.53897219,
 0.63236913,
 0.7825445,
 0.92165539,
 0.67798705,
 -0.27701579,
 -0.35866971,
 -0.45463733,
 -0.5372903,
 -0.45076762,
 -0.5593424,
 -0.52645782,
 -0.52256029,
 -0.55823109,
 -0.5850257,
 -0.57321931,
 -0.58434352,
 -0.62856259,
 -0.62115422,
 -0.58646897,
 -0.45146658,
 -0.64928036,
 -0.62059294,
 -0.5650256,
 -0.59013294,
 -0.5924449,
 -0.63396664],

%M = 0I+3X+5Y+7Z + n(I+X+Y+Z)
y7 = 

z7 = 




%M = 0I+3X+6Y+3Z + n(I+X+Y+Z)

y8 = 

z8 = 

%M = 0I+4X+3Y+1Z + n(I+X+Y+Z)

y9 = 

z9 = 


%M = 0I+4X+2Y+6Z + n(I+X+Y+Z)

y10 =

z10 = 

%M = 0I+7X+3Y+5Z + n(I+X+Y+Z)


y11 = 


z11 = 

%M = 0I+4X+6Y+3Z + n(I+X+Y+Z)

z12 = 

z12 = 

%M = 0I+5X+3Y+2Z + n(I+X+Y+Z)

y13 = 

z13 = 


%M = 0I+4X+20Y+60Z + n(I+X+Y+Z)

y14 = 

z14 = 

%M = 0I+7X+30Y+35Z + n(I+X+Y+Z)

y15 = 

z15 = 

%M = 0I+4X+60Y+30Z + n(I+X+Y+Z)

y16=

z16 = 

%M = 0I+5X+30Y+20Z + n(I+X+Y+Z)

y17 = 

z17 = 


