x = [-100,
 -98,
 -96,
 -94,
 -92,
 -90,
 -88,
 -86,
 -84,
 -82,
 -80,
 -78,
 -76,
 -74,
 -72,
 -70,
 -68,
 -66,
 -64,
 -62,
 -60,
 -58,
 -56,
 -54,
 -52,
 -50,
 -48,
 -46,
 -44,
 -42,
 -40,
 -38,
 -36,
 -34,
 -32,
 -30,
 -28,
 -26,
 -24,
 -22,
 -20,
 -19,
 -18,
 -17,
 -16,
 -15,
 -14,
 -13,
 -12,
 -11,
 -10,
 -9,
 -8,
 -7,
 -6,
 -5,
 -4,
 -3,
 -2,
 -1,
 0,
 1,
 2,
 3,
 4,
 5,
 6,
 7,
 8,
 9,
 10,
 11,
 12,
 13,
 14,
 15,
 16,
 17,
 18,
 19,
 20,
 22,
 24,
 26,
 28,
 30,
 32,
 34,
 36,
 38,
 40,
 42,
 44,
 46,
 48,
 50,
 52,
 54,
 56,
 58,
 60,
 62,
 64,
 66,
 68,
 70,
 72,
 74,
 76,
 78,
 80,
 82,
 84,
 86,
 88,
 90,
 92,
 94,
 96,
 98];




y1 =[0.87926369,
 0.87579116,
 0.86884537,
 0.87327066,
 0.87447872,
 0.89544416,
 0.89037445,
 0.87130177,
 0.89026234,
 0.87669898,
 0.86643273,
 0.87667653,
 0.90870464,
 0.87429751,
 0.8938867,
 0.88390532,
 0.8838774,
 0.90470187,
 0.87371577,
 0.86960584,
 0.88165103,
 0.88225603,
 0.86911812,
 0.88270694,
 0.87159054,
 0.8597214,
 0.86692434,
 0.90390619,
 0.8836602,
 0.87635656,
 0.872712,
 0.86932015,
 0.86412305,
 0.86908114,
 0.88970578,
 0.86302603,
 0.86049351,
 0.8634697,
 0.86167725,
 0.88354892,
 0.86073271,
 0.85285188,
 0.85968085,
 0.85042001,
 0.87401577,
 0.84499943,
 0.8358935,
 0.84575955,
 0.83406693,
 0.82717118,
 0.79070236,
 0.78625923,
 0.75388779,
 0.70642898,
 0.58716203,
 0.41743202,
 0.23194158,
 0.22040714,
 0.28638542,
 0.3064489,
 0.35694641,
 0.34076646,
 0.3776459,
 0.38485496,
 0.38456318,
 0.39843266,
 0.40942227,
 0.37603665,
 0.43481573,
 0.42558018,
 0.39120317,
 0.42443771,
 0.4435309,
 0.43857513,
 0.45893693,
 0.41722981,
 0.40704608,
 0.44145261,
 0.43168558,
 0.40539311,
 0.41917562,
 0.46021976,
 0.42718333,
 0.42342842,
 0.44469547,
 0.4457891,
 0.46344601,
 0.44249873,
 0.44087512,
 0.4461254,
 0.442112,
 0.43853958,
 0.45532147,
 0.38983364,
 0.41375638,
 0.46976599,
 0.45229217,
 0.44581467,
 0.4506789,
 0.41133285,
 0.44612665,
 0.45580298,
 0.47767998,
 0.46908446,
 0.44108891,
 0.49394979,
 0.46895824,
 0.45098035,
 0.47713313,
 0.45680389,
 0.46961543,
 0.42108609,
 0.49240984,
 0.44453051,
 0.42842947,
 0.42274666,
 0.44690121,
 0.41763176,
 0.42381558,
 0.49157942];




z1 = [0.7475645676730547,
 0.7583988094000081,
 0.7110424258962946,
 0.8138124062577896,
 0.8048479657043256,
 0.7069671090443964,
 0.737383026771223,
 0.8414191933287556,
 0.7374108492008521,
 0.7109488814899159,
 0.7542469739821592,
 0.8819130450032988,
 0.8132107646326905,
 0.8553082665964017,
 0.7372219463249367,
 0.7542552254081948,
 0.805732117684359,
 0.7455939145386311,
 0.7410653853952958,
 0.7542741095299197,
 0.8240267132081064,
 0.7671352636418453,
 0.7441929125415442,
 0.7446451277258339,
 0.794513568818987,
 0.8271904694097736,
 0.7545599057766755,
 0.7146195864194069,
 0.7354635584769404,
 0.7500664154459878,
 0.8402255340350124,
 0.7491825879556993,
 0.780414695215216,
 0.7555125189897791,
 0.6777672639284672,
 0.6778233727484175,
 0.6953537718989616,
 0.6611953218573486,
 0.6921308238610003,
 0.7505737248236471,
 0.6903347733279844,
 0.7004123990403438,
 0.7285426508148306,
 0.6987642019017196,
 0.7693283129541623,
 0.617250669324545,
 0.7266730433144388,
 0.7183912109919603,
 0.7077214402984168,
 0.6518632201389795,
 0.6985725084615229,
 0.6064004289146331,
 0.5661038277023475,
 0.49819878304008736,
 0.3026890879400342,
 0.042075841668575815,
 0.682434335771983,
 1.7816523911331015,
 1.9816495031543315,
 1.9779489516187634,
 2.1499603147281423,
 2.121892464092633,
 2.237919343764278,
 2.1640400518631697,
 2.3172898107665727,
 2.310574655475579,
 2.1570795045088897,
 2.245420980337685,
 2.2306193202098243,
 2.284997972510677,
 2.172188661893891,
 2.16014755315476,
 2.1566922807951254,
 2.2615849678456117,
 2.312430860255988,
 2.383126727599974,
 2.2844103765885384,
 2.2694733125436244,
 2.3749101209131753,
 2.2547763501517224,
 2.31508461838196,
 2.2411123217977673,
 2.3582491299901593,
 2.42469936583493,
 2.2788160895130014,
 2.3734760659203546,
 2.3126995416428264,
 2.227642209378906,
 2.2464841928653954,
 2.384034939161727,
 2.3242764576141695,
 2.2718684008936987,
 2.3424476305369213,
 2.2985505939998916,
 2.223419236842462,
 2.3529739760104507,
 2.403412512635095,
 2.307181802855171,
 2.298277037135523,
 2.34974009649429,
 2.401318896593263,
 2.336925137702785,
 2.2723638475512766,
 2.3517062233962447,
 2.224515699078587,
 2.306815682599895,
 2.376242240875851,
 2.2678959632048574,
 2.390854939901019,
 2.3728112352414215,
 2.3428386358675075,
 2.330604900670474,
 2.320406159981159,
 2.2437326749438276,
 2.2074903991665176,
 2.3479703657000472,
 2.3920601963939907,
 2.3145277008090597,
 2.3645529586472165,
 2.297235824978941];




y2 = [0.88035546,
 0.87040808,
 0.87261581,
 0.89736808,
 0.87965042,
 0.87936072,
 0.88204157,
 0.88729051,
 0.89433951,
 0.86093353,
 0.88236165,
 0.87457678,
 0.8940768,
 0.88509495,
 0.88547472,
 0.87330578,
 0.88779483,
 0.86625778,
 0.87723401,
 0.8871916,
 0.88465645,
 0.86326536,
 0.88439193,
 0.86803769,
 0.87864526,
 0.86085948,
 0.86693715,
 0.85493355,
 0.85349941,
 0.86238539,
 0.85041938,
 0.85938846,
 0.84632482,
 0.85458586,
 0.84753986,
 0.82182005,
 0.82371527,
 0.80255702,
 0.78688181,
 0.74520006,
 0.72177981,
 0.6838347,
 0.67695891,
 0.62773893,
 0.6498401,
 0.59590965,
 0.58142533,
 0.56077583,
 0.52416268,
 0.5368151,
 0.54650082,
 0.51191825,
 0.50560257,
 0.48806537,
 0.50872918,
 0.48469013,
 0.49265089,
 0.51203609,
 0.48688441,
 0.50843689,
 0.49549347,
 0.50089731,
 0.43118759,
 0.45915862,
 0.44911426,
 0.48475641,
 0.4489688,
 0.48138919,
 0.47326334,
 0.47432996,
 0.4572417,
 0.44424861,
 0.44852345,
 0.46072064,
 0.47379699,
 0.45132663,
 0.4598959,
 0.47461526,
 0.45500098,
 0.48093744,
 0.41780627,
 0.43884925,
 0.47124765,
 0.46696856,
 0.47015974,
 0.42742113,
 0.46679731,
 0.46070279,
 0.44390624,
 0.45956183,
 0.42887543,
 0.47575709,
 0.45042134,
 0.44110592,
 0.44992862,
 0.47005331,
 0.45857913,
 0.42927712,
 0.45738142,
 0.48292948,
 0.4774897,
 0.46080607,
 0.47670263,
 0.42862089,
 0.43040434,
 0.45349066,
 0.43936464,
 0.43769381,
 0.44167704,
 0.48691529,
 0.47051833,
 0.49426763,
 0.45263982,
 0.48399883,
 0.44318835,
 0.42583575,
 0.4185471,
 0.42670431,
 0.43847153,
 0.48452873];


